version https://git-lfs.github.com/spec/v1
oid sha256:cc6acad4baaeb7d828bad206e173867982f6140009b9fec535dfb1e9e07c3162
size 154139
